Some((
    red: 0.10196078,
    green: 0.7372549,
    blue: 0.61176497,
))