[sie][Equalizer#0]
numBands=5

[sie][Equalizer#0#left]
band0Frequency=50
band0Gain=3
band0Q=0.7
band0Type=2
band10Type=0
band11Type=0
band12Type=0
band13Type=0
band14Type=0
band15Type=0
band16Type=0
band17Type=0
band18Type=0
band19Type=0
band1Frequency=90
band1Gain=3
band1Mode=1
band1Q=0.7
band1Type=5
band20Type=0
band21Type=0
band22Type=0
band23Type=0
band24Type=0
band25Type=0
band26Type=0
band27Type=0
band28Type=0
band29Type=0
band2Frequency=425
band2Gain=-2
band2Mode=3
band2Q=0.9999999999999998
band2Slope=1
band30Type=0
band31Type=0
band3Frequency=3500
band3Gain=3
band3Mode=2
band3Q=0.7
band3Slope=1
band4Frequency=9000
band4Gain=2
band4Mode=5
band4Q=0.7
band4Type=3
band5Type=0
band6Type=0
band7Type=0
band8Type=0
band9Type=0

[sie][Equalizer#0#right]
band0Frequency=50
band0Gain=3
band0Q=0.7
band0Type=2
band10Type=0
band11Type=0
band12Type=0
band13Type=0
band14Type=0
band15Type=0
band16Type=0
band17Type=0
band18Type=0
band19Type=0
band1Frequency=90
band1Gain=3
band1Mode=1
band1Q=0.7
band1Type=5
band20Type=0
band21Type=0
band22Type=0
band23Type=0
band24Type=0
band25Type=0
band26Type=0
band27Type=0
band28Type=0
band29Type=0
band2Frequency=425
band2Gain=-2
band2Mode=3
band2Q=0.9999999999999998
band2Slope=1
band30Type=0
band31Type=0
band3Frequency=3500
band3Gain=3
band3Mode=2
band3Q=0.7
band3Slope=1
band4Frequency=9000
band4Gain=2
band4Mode=5
band4Q=0.7
band4Type=3
band5Type=0
band6Type=0
band7Type=0
band8Type=0
band9Type=0

[soe][Equalizer#0]
inputGain=-8.4
numBands=9

[soe][Equalizer#0#left]
band0Frequency=23
band0Gain=8.5
band0Mode=6
band0Q=0.5
band10Type=0
band11Type=0
band12Type=0
band13Type=0
band14Type=0
band15Type=0
band16Type=0
band17Type=0
band18Type=0
band19Type=0
band1Frequency=36
band1Gain=-0.5
band1Mode=6
band1Q=2
band20Type=0
band21Type=0
band22Type=0
band23Type=0
band24Type=0
band25Type=0
band26Type=0
band27Type=0
band28Type=0
band29Type=0
band2Frequency=120
band2Gain=0.8999999761581421
band2Mode=6
band2Q=2
band30Type=0
band31Type=0
band3Frequency=400
band3Gain=0.8999999761581421
band3Mode=6
band3Q=1.7000000476837158
band4Frequency=730
band4Gain=1.100000023841858
band4Mode=6
band4Q=2
band5Frequency=1400
band5Gain=-2.4000000953674316
band5Mode=6
band5Q=1.100000023841858
band6Frequency=2000
band6Gain=2.4000000953674316
band6Mode=6
band6Q=2
band7Frequency=5200
band7Gain=-7.199999809265137
band7Mode=6
band7Q=2
band8Frequency=7500
band8Gain=4.300000190734863
band8Mode=6
band8Q=0.5
band9Type=0

[soe][Equalizer#0#right]
band0Frequency=23
band0Gain=8.5
band0Mode=6
band0Q=0.5
band10Type=0
band11Type=0
band12Type=0
band13Type=0
band14Type=0
band15Type=0
band16Type=0
band17Type=0
band18Type=0
band19Type=0
band1Frequency=36
band1Gain=-0.5
band1Mode=6
band1Q=2
band20Type=0
band21Type=0
band22Type=0
band23Type=0
band24Type=0
band25Type=0
band26Type=0
band27Type=0
band28Type=0
band29Type=0
band2Frequency=120
band2Gain=0.8999999761581421
band2Mode=6
band2Q=2
band30Type=0
band31Type=0
band3Frequency=400
band3Gain=0.8999999761581421
band3Mode=6
band3Q=1.7000000476837158
band4Frequency=730
band4Gain=1.100000023841858
band4Mode=6
band4Q=2
band5Frequency=1400
band5Gain=-2.4000000953674316
band5Mode=6
band5Q=1.100000023841858
band6Frequency=2000
band6Gain=2.4000000953674316
band6Mode=6
band6Q=2
band7Frequency=5200
band7Gain=-7.199999809265137
band7Mode=6
band7Q=2
band8Frequency=7500
band8Gain=4.300000190734863
band8Mode=6
band8Q=0.5
band9Type=0
